CATNO;CATNO2_NGC;CON;MESSIER;NAME_DE;NAME_EN;MAG;RA_HH;RA_MM_SS;DEC_DEG;DEC_MM_SS;GTYPE;DIST_LY;RADSPEED;VISDIM;GC
1;G1;And;;Mayall II;Mayall II;13.7;0;32.78;+39;34.68;0;2500000;-999;0.3;GC
1;NGC6760;Aql;;;;9.1;19;11.1;+1;1;9;13040;-21;6.6;GC
1;NGC6981;Aqr;M072;;;9.4;20;53.5;-12;32;9;56400;-278;5.9;GC
1;NGC7089;Aqr;M002;;;6.5;21;33.5;-0;51;2;37000;-6;12.9;GC
1;NGC5466;Boo;;;;9.1;14;15.4;28;32;12;47270;120;11.0;GC
1;NGC5272;Cvn;M003;;;6.4;13;42.2;28;22;6;32200;-147;16.2;GC
1;NGC7099;Cap;M030;;;7.5;21;40.3;-23;11;5;27000;-172;11.0;GC
1;NGC4147;Com;;;;10.3;12;10.1;18;32;6;57000;182;4.0;GC
1;NGC5024;Com;M053;;;7.7;13;12.9;18;10;5;56000;-79;12.6;GC
1;NGC5053;Com;;;;9.8;13;16.3;17;41;11;50000;0;10.5;GC
1;NGC6934;Del;;;;8.9;20;34.1;7;24;8;48000;-379;5.8;GC
1;NGC6205;Her;M013;Herkuleshaufen;Hercules Globular Cluster;5.9;16;41.7;36;27;5;23500;-248;16.6;GC
1;NGC6229;Her;;;;9.4;16;47;47;31;4;102000;-154;4.5;GC
1;NGC6341;Her;M092;;;6.5;17;17.1;43;8;4;25500;-121;11.2;GC
1;NGC4590;Hya;M068;;;8.2;12;39.4;-26;45;10;31300;-117;12.0;GC
1;NGC5694;Hya;;;;10.2;14;39.6;-26;31;7;105300;-184;3.6;GC
1;NGC1904;Lep;M079;;;8.0;5;24.2;-24;31;5;43400;185;8.7;GC
1;NGC5897;Lib;;;;8.6;15;17.4;-21;0;11;39400;10;12.6;GC
1;NGC5824;Lup;;;;9.0;15;4.0;-33;4;1;77300;-58;6.2;GC
1;NGC5986;Lup;;;;7.1;15;46.1;-37;46;7;33300;-35;9.8;GC
1;NGC2419;Lyn;;;;10.4;7;38.2;38;54;2;303500;-20;4.1;GC
1;NGC6779;Lyr;M056;;;8.3;19;16.5;30;10;10;31000;-138;7.1;GC
1;NGC6171;Oph;M107;;;8.1;16;32.5;-13;3;10;19200;-60;10.0;GC
1;NGC6218;Oph;M012;;;6.6;16;47.2;-1;57;9;17900;-44;14.5;GC
1;NGC6235;Oph;;;;10.2;16;53.4;-22;9;10;32600;85;5.0;GC
1;NGC6254;Oph;M010;;;6.6;16;57.1;-4;6;7;14300;70;15.1;GC
1;NGC6266;Oph;M062;;;6.6;17;1.3;-30;7;4;19600;-61;14.1;GC
1;NGC6273;Oph;M019;;;7.2;17;2.6;-26;15;8;34600;121;13.5;GC
1;NGC6284;Oph;;;;9.0;17;4.5;-24;45;9;32600;22;5.6;GC
1;NGC6287;Oph;;;;9.2;17;5.1;-22;42;7;29300;-211;5.1;GC
1;NGC6293;Oph;;;;8.2;17;10.2;-26;33;4;24000;-73;7.9;GC
1;NGC6304;Oph;;;;8.4;17;14.6;-29;27;6;17600;-98;6.8;GC
1;NGC6316;Oph;;;;9.0;17;16.5;-28;8;3;39100;68;4.9;GC
1;NGC6333;Oph;M009;;;7.9;17;19.1;-18;31;8;22500;225;9.3;GC
1;NGC6342;Oph;;;;9.9;17;21.1;-19;35;4;48900;83;3.0;GC
1;NGC6356;Oph;;;;8.7;17;23.6;-17;48;2;56100;32;7.2;GC
1;NGC6355;Oph;;;;9.6;17;24;-26;21;-1;22200;-160;5.0;GC
1;NGC6366;Oph;;;;10.0;17;27.7;-5;4;11;13000;0;8.3;GC
1;NGC6402;Oph;M014;;;7.6;17;37.6;3;14;-1;33300;-123;11.7;GC
1;NGC6401;Oph;;;;9.5;17;38.6;-23;54;8;22200;-70;5.6;GC
1;NGC6517;Oph;;;;10.3;18;1.8;-8;57;4;25400;-37;4.3;GC
1;NGC7078;Peg;M015;;;6.4;21;30;12;10;4;30600;-112;12.3;GC
1;NGC2298;Pup;;;;9.4;6;49;-36;0;6;40100;44;6.8;GC
1;NGC6838;Sge;M071;;;8.3;19;54.1;18;46;-1;13000;-19;7.2;GC
1;NGC6440;Sgr;;;;9.7;17;48.9;-20;22;5;12100;-84;5.4;GC
1;NGC6522;Sgr;;;;8.6;18;3.6;-30;1;6;20900;8;5.6;GC
1;NGC6528;Sgr;;;;9.5;18;4.8;-30;3;5;23800;0;3.7;GC
1;NGC6544;Sgr;;;;8.3;18;7.3;-25;0;0;15000;-12;8.9;GC
1;NGC6553;Sgr;;;;8.3;18;9.4;-25;55;11;19200;-33;8.1;GC
1;NGC6569;Sgr;;;;8.7;18;13.6;-31;49;8;25400;-29;5.8;GC
1;NGC6624;Sgr;;;;8.3;18;23.7;-30;21;6;27700;69;5.9;GC
1;NGC6626;Sgr;M028;;;6.9;18;24.6;-24;52;4;19900;2;11.2;GC
1;NGC6638;Sgr;;;;9.2;18;31;-25;29;6;26100;-14;5.0;GC
1;NGC6637;Sgr;M069;;;7.7;18;31.3;-32;20;5;33600;50;7.1;GC
1;NGC6642;Sgr;;;;8.8;18;31.9;-23;29;0;20200;-90;4.5;GC
1;NGC6652;Sgr;;;;8.9;18;35.8;-33;0;6;48900;-87;3.5;GC
1;NGC6656;Sgr;M022;;;5.1;18;36.3;-23;55;7;10100;-153;24.0;GC
1;NGC6681;Sgr;M070;;;8.1;18;43.2;-32;18;5;35200;198;7.8;GC
1;NGC6715;Sgr;M054;;;7.7;18;55.2;-30;28;3;70100;131;9.1;GC
1;NGC6723;Sgr;;;;7.3;18;59.6;-36;37;7;28400;-90;4.5;GC
1;NGC6809;Sgr;M055;;;7.0;19;40.1;-30;57;11;17000;167;19.0;GC
1;NGC6864;Sgr;M075;;;8.6;20;6.1;-21;56;1;59300;-195;6.0;GC
1;NGC6093;Sco;M080;;;7.2;16;17.1;-22;59;2;27100;13;8.9;GC
1;NGC6121;Sco;M004;;;5.9;16;23.6;-26;32;9;6800;64;26.3;GC
1;NGC6144;Sco;;;;9.1;16;27.2;-26;2;11;26400;130;9.3;GC
1;NGC6139;Sco;;;;9.2;16;27.7;-38;50;2;29000;8;5.5;GC
1;NGC6441;Sco;;;;7.4;17;50.2;-37;2;3;33600;14;7.8;GC
1;NGC6453;Sco;;;;9.9;17;51.3;-34;37;4;23100;-78;3.5;GC
1;NGC288;Scl;;;;8.1;0;52.6;-26;35;10;27100;-48;13.8;GC
1;NGC6712;Sct;;;;8.2;18;53;-8;43;9;24800;-124;7.2;GC
1;NGC5904;Ser;M005;;;5.8;15;18.5;2;5;5;24800;52;17.4;GC
1;NGC6539;Ser;;;;9.6;18;4.8;-7;34;10;7500;-39;6.9;GC
1;NGC5634;Vir;;;;9.5;14;29.6;-5;58;4;88700;-63;5.5;GC
1;NGC1629;;;;;12.677;4;29.60;-71;50.30;0;-999;0;1.7;GC
1;NGC104;Tuc;;;;4.09;0;24.09;-72;4.89;0;17100;-19;30.9;GC
1;NGC6496;;;;;0;17;59.06;-44;15.96;0;-999;-98;0;GC
1;NGC5927;Lup;;;;8.0;15;28.01;-50;40.38;8;25000;-100;6;GC
1;NGC2173;;;;;11.88;5;57.97;-72;58.70;0;-999;237;0;GC
1;NGC1866;;;;;9.73;5;13.65;-65;27.88;0;-999;0;5.5;GC
1;NGC6426;;;;;0;17;44.91;3;10.21;0;-999;-162;0;GC
1;NGC1644;;;;;12.89;4;37.65;-66;12.00;0;-999;0;1.65;GC
1;NGC2190;;;;;12.94;6;1.03;-74;43.60;0;-999;0;2.2;GC
1;NGC2249;;;;;12.23;6;25.82;-68;55.20;0;-999;0;2.3;GC
1;NGC1049;For;;;;0;2;39.81;-34;15.47;0;460000;40;1.2;GC
1;NGC1831;;;;;11.18;5;6.29;-64;55.18;0;-999;0;3.5;GC
1;NGC2156;;;;;11.38;5;57.75;-68;27.60;0;-999;0;2.1;GC
1;NGC6752;Pav;;;;6.28;19;10.87;-59;59.07;6;13000;-27;29;GC
1;NGC6541;CrA;;;;7.32;18;8.04;-43;42.89;3;22800;-154;15;GC
1;IC1257;;;;;0;17;27.10;-7;5.00;0;-999;0;0;GC
1;NGC1818;;;;;0;5;4.22;-66;26.09;0;-999;0;2.9;GC
1;NGC1783;Dor;;ESO 85-SC29;ESO 85-SC29;10.93;4;59.14;-65;59.26;0;160000;0;5;GC
1;NGC7492;;;;;10.48;23;8.44;-15;36.69;0;-999;-188;0;GC
1;NGC7006;;;;;10.46;21;1.49;16;11.27;0;-999;-348;1.4965;GC
1;NGC1696;;;;;13.95;4;48.49;-68;14.55;0;-999;0;1.1;GC
1;NGC2231;;;;;13.2;6;20.72;-67;31.12;0;-999;278;1.049;GC
1;NGC5139;Cen;;Omega Centauri;Omega Centauri;5.33;13;26.79;-47;28.77;8;17300;238;55;GC
1;NGC2031;;;;;10.83;5;33.69;-70;59.24;0;-999;0;3.05;GC
1;NGC3201;Vel;;Caldwell 79;Caldwell 79;8.24;10;17.61;-46;24.75;0;16300;494;0;GC
1;NGC1756;;;;;12.24;4;54.82;-69;14.17;0;-999;0;1.35;GC
1;NGC1806;;;;;0;5;2.18;-67;59.30;0;-999;0;2.5;GC
1;NGC6362;Ara;;;;8.86;17;31.92;-67;2.90;0;25000;-13;15;GC
1;NGC6540;;;;;0;18;6.14;-27;45.92;0;-999;0;0;GC
1;NGC1651;;;;;12.28;4;37.54;-70;35.15;0;-999;228;0;GC
1;NGC6558;;;;;11.29;18;10.31;-31;45.81;0;-999;-144;0;GC
1;NGC6101;Aps;;;;9.2;16;25.80;-72;12.13;10;49900;361;5;GC
1;NGC6380;;;;;0;17;34.47;-39;4.15;0;-999;0;0;GC
1;NGC4372;Mus;;;;7.2;12;25.76;-72;39.55;12;18900;73;5;GC
1;NGC1805;;;;;0;5;2.36;-66;6.66;0;-999;390;1.7;GC
1;IC4499;;;;;8.56;15;0.31;-82;12.83;0;-999;0;0;GC
1;NGC2808;Car;;;;5.69;9;12.05;-64;51.81;0;30000;100;14;GC
1;NGC1652;;;;;13.13;4;38.38;-68;40.34;0;-999;276;0;GC
1;IC1276;;;;;0;18;10.74;-7;12.46;0;-999;0;0;GC
1;NGC6325;;;;;0;17;17.99;-23;45.96;0;-999;3;0;GC
1;NGC1868;;;;;11.57;5;14.60;-63;57.30;0;-999;0;2.7;GC
1;NGC2159;;;;;11.38;5;57.95;-68;37.40;0;-999;0;1.9;GC
1;NGC6717;;;;;10.35;18;55.10;-22;42.09;0;-999;2;0;GC
1;NGC4833;Mus;;;;8.4;12;59.57;-70;52.59;8;19000;201;14;GC
1;NGC5286;Cen;;Caldwell 84;Caldwell 84;7.4;13;46.45;-51;22.45;5;35900;54;11;GC
1;NGC6397;Ara;;;;5.3;17;40.70;-53;40.46;9;7200;19;31;GC
1;NGC1851;Col;;;;7.23;5;14.11;-40;2.79;0;39500;321;11;GC
1;NGC5946;;;;;10.72;15;35.48;-50;39.58;0;-999;120;0;GC
1;NGC362;Tuc;;;;6.58;1;3.24;-70;50.93;0;-999;224;0;GC
1;NGC121;;;;;11.24;0;26.82;-71;32.17;0;-999;0;3.45;GC
1;NGC6256;;;;;0;16;59.54;-37;7.29;0;-999;0;0;GC
1;NGC2162;;;;;12.7;6;0.52;-63;43.30;0;-999;323;0;GC
1;NGC1987;;;;;0;5;27.28;-70;44.24;0;-999;0;1.7;GC
1;NGC6352;;;;;8.87;17;25.49;-48;25.33;0;-999;-115;0;GC
1;NGC6749;;;;;12.4;19;5.27;1;54.17;0;-999;0;0;GC
1;NGC2108;;;;;12.32;5;43.94;-69;10.91;0;-999;0;1.8;GC
1;NGC6584;Tel;;;;8.17;18;18.63;-52;12.95;0;43700;223;7;GC
1;NGC1466;;;;;11.59;3;44.55;-71;40.30;0;-999;0;3.5;GC
1;NGC6535;;;;;9.85;18;3.84;0;17.86;0;-999;-215;0;GC
1;NGC6388;Sco;;;;6.8;17;36.29;-44;44.14;3;35000;81;10.4;GC
1;NGC2209;;;;;13.15;6;8.57;-73;50.50;0;-999;0;2.9;GC
1;NGC1978;Dor;;ESO 85-SC90;ESO 85-SC90;10.7;5;28.76;-66;14.20;0;159700;0;3.35;GC
1;NGC1841;;;;;11.43;4;45.38;-83;59.80;0;-999;210;0;GC
1;NGC1261;Hor;;;;8.63;3;12.27;-55;12.97;0;53500;53;6.8;GC

